0.9225602893	1.347218
10.148163182	1.373735
19.373766076	1.401668
28.599368968	1.431419
37.824971862	1.463151
47.050574755	1.496812
56.276177648	1.532959
65.501780541	1.571762
74.727383435	1.613220
83.952986328	1.657837
93.178589221	1.705895
102.40419211	1.757729
111.62979501	1.813741
120.85539790	1.874329
130.08100079	1.940214
139.30660369	2.012214
148.53220657	2.090368
157.75780947	2.176984
166.98341237	2.271947
176.20901526	2.376689
185.43461815	2.492989
194.66022105	2.621917
203.88582394	2.766039
213.11142683	2.928132
222.33702972	3.111783
231.56263262	3.320438
240.78823551	3.559505
250.01383840	3.836080
259.23944130	4.155386
268.46504419	4.530208
277.69064708	4.974068
286.91624998	5.505380
296.14185287	6.151947
305.36745576	6.942005
314.59305866	7.927628
323.81866155	9.180985
333.04426444	10.81305
342.26986733	12.98888
351.49547023	15.97205
360.72107312	20.24458
369.94667602	26.65678
379.17227891	36.83788
388.39788180	54.11036
397.62348469	85.43771
406.84908759	142.6966
416.07469048	217.5304
425.30029337	211.1829
434.52589627	130.4470
443.75149916	73.43774
452.97710205	43.69426
462.20270495	27.97628
471.42830784	19.07154
480.65391073	13.62673
489.87951362	10.10520
499.10511652	7.728454
508.33071941	6.052750
517.55632231	4.836516
526.78192520	3.932127
536.00752808	3.240877
545.23313099	2.704878
554.45873388	2.281038
563.68433677	1.940985
572.90993966	1.665820
582.13554256	1.439230
591.36114545	1.251661
600.58674834	1.094708
609.81235124	0.963363
619.03795413	0.852054
628.26355702	0.756953
637.48915992	0.675091
646.71476280	0.604562
655.94036570	0.543571
665.16596860	0.490500
674.39157148	0.444085
683.61717438	0.403187
692.84277728	0.367127
702.06838017	0.335244
711.29398306	0.307149
720.51958595	0.282225
729.74518885	0.259950
738.97079174	0.240073
748.19639463	0.222277
757.42199753	0.206327
766.64760042	0.192027
775.87320331	0.179110
785.09880621	0.167552
794.32440910	0.157110
803.55001199	0.147664
812.77561489	0.139140
822.00121778	0.131453
831.22682066	0.124458
840.45242357	0.118139
849.67802646	0.112414
858.90362935	0.107275
868.12923225	0.102597
877.35483514	0.098336
886.58043803	0.094567
895.80604092	0.091144
905.03164382	0.088083
914.25724671	0.085253
923.48284960	0.082706
932.70845250	0.080431
941.93405538	0.078385
951.15965828	0.076553
960.38526118	0.074943
969.61086406	0.073488
978.83646696	0.072234
988.06206986	0.071141
997.28767275	0.070204
1006.5132755	0.069378
1015.7388785	0.068713
1024.9644814	0.068144
1034.1900843	0.067693
1043.4156872	0.067334
1052.6412900	0.067053
1061.8668930	0.066908
1071.0924959	0.066887
1080.3180988	0.066922
1089.5437017	0.067048
1098.7693046	0.067241
1107.9949075	0.067553
1117.2205104	0.067956
1126.4461133	0.068359
1135.6717161	0.068913
1144.8973190	0.069518
1154.1229219	0.070213
1163.3485248	0.070953
1172.5741277	0.071798
1181.7997306	0.072792
1191.0253335	0.073899
1200.2509364	0.075061
1209.4765393	0.076319
1218.7021422	0.077690
1227.9277450	0.079158
1237.1533480	0.080765
1246.3789509	0.082532
1255.6045538	0.084431
1264.8301567	0.086527
1274.0557595	0.088837
1283.2813623	0.091340
1292.5069653	0.094124
1301.7325682	0.097185
1310.9581711	0.100668
1320.1837740	0.104485
1329.4093768	0.108647
1338.6349797	0.113389
1347.8605827	0.118744
1357.0861856	0.124688
1366.3117885	0.131498
1375.5373914	0.139362
1384.7629943	0.148433
1393.9885972	0.159065
1403.2142000	0.171543
1412.4398029	0.186311
1421.6654058	0.204055
1430.8910087	0.225574
1440.1166116	0.252017
1449.3422145	0.285220
1458.5678174	0.327616
1467.7934203	0.382323
1477.0190232	0.454478
1486.2446261	0.551906
1495.4702290	0.688060
1504.6958318	0.882346
1513.9214348	1.167997
1523.1470377	1.596848
1532.3726406	2.233358
1541.5982434	3.080547
1550.8238463	3.870814
1560.0494492	4.026341
1569.2750521	3.405051
1578.5006550	2.553083
1587.7262579	1.856101
1596.9518607	1.371243
1606.1774636	1.045913
1615.4030666	0.822725
1624.6286695	0.666603
1633.8542724	0.554327
1643.0798753	0.471882
1652.3054782	0.408915
1661.5310811	0.360613
1670.7566839	0.322908
1679.9822868	0.292597
1689.2078897	0.268077
1698.4334926	0.247924
1707.6590955	0.231196
1716.8846984	0.217221
1726.1103013	0.205408
1735.3359042	0.195393
1744.5615071	0.186861
1753.7871100	0.179609
1763.0127129	0.173174
1772.2383158	0.167513
1781.4639187	0.162648
1790.6895216	0.158361
1799.9151245	0.154623
1809.1407273	0.151253
1818.3663302	0.148341
1827.5919331	0.145762
1836.8175360	0.143457
1846.0431389	0.141422
1855.2687418	0.139613
1864.4943447	0.138008
1873.7199475	0.136596
1882.9455504	0.135324
1892.1711534	0.134202
1901.3967563	0.133205
1910.6223592	0.132347
1919.8479621	0.131561
1929.0735650	0.130877
1938.2991679	0.130267
1947.5247707	0.129729
1956.7503736	0.129263
1965.9759765	0.128850
1975.2015794	0.128479
1984.4271823	0.128223
1993.6527852	0.127988
2002.8783881	0.127826
2012.1039910	0.127691
2021.3295939	0.127602
2030.5551968	0.127557
2039.7807997	0.127536
2049.0064026	0.127549
2058.2320055	0.127571
2067.4576084	0.127658
2076.6832112	0.127762
2085.9088141	0.127878
2095.1344170	0.128038
2104.3600199	0.128197
2113.5856228	0.128369
2122.8112257	0.128557
2132.0368286	0.128741
2141.2624315	0.128952
2150.4880344	0.129195
2159.7136373	0.129438
2168.9392402	0.129692
2178.1648431	0.129960
2187.3904460	0.130253
2196.6160489	0.130453
2205.8416518	0.130869
2215.0672546	0.131187
2224.2928575	0.131515
2233.5184604	0.131856
2242.7440633	0.132208
2251.9696662	0.132551
2261.1952690	0.132857
2270.4208719	0.133229
2279.6464748	0.133608
2288.8720777	0.133994
2298.0976807	0.134385
2307.3232836	0.134782
2316.5488865	0.135185
2325.7744894	0.135594
2335.0000923	0.136009
2344.2256951	0.136428
2353.4512980	0.136851
2362.6769009	0.137279
2371.9025038	0.137710
2381.1281067	0.138146
2390.3537096	0.138585
2399.5793124	0.139027
2408.8049154	0.139473
2418.0305183	0.139919
2427.2561212	0.140368
2436.4817241	0.140821
2445.7073270	0.141276
2454.9329299	0.141735
2464.1585328	0.142196
2473.3841357	0.142659
2482.6097385	0.143124
2491.8353414	0.143592
2501.0609443	0.144062
2510.2865472	0.144534
2519.5121501	0.145006
2528.7377530	0.145480
2537.9633559	0.145955
2547.1889588	0.146432
2556.4145617	0.146911
2565.6401646	0.147391
2574.8657675	0.147873
2584.0913704	0.148357
2593.3169733	0.148842
2602.5425762	0.149328
2611.7681791	0.149816
2620.9937819	0.150305
2630.2193848	0.150795
2639.4449877	0.151286
2648.6705906	0.151777
2657.8961935	0.152270
2667.1217964	0.152765
2676.3473993	0.153261
2685.5730022	0.153758
2694.7986051	0.154255
2704.0242080	0.154753
2713.2498109	0.155252
2722.4754138	0.155751
2731.7010167	0.156252
2740.9266196	0.156752
2750.1522224	0.157253
2759.3778253	0.157755
2759.3778253	0.157755
500000000000	0.157755